{
 "cells": [
  {
   "cell_type": "code",
   "execution_count": 2,
   "metadata": {},
   "outputs": [],
   "source": [
    "import pickle"
   ]
  },
  {
   "cell_type": "code",
   "execution_count": 3,
   "metadata": {},
   "outputs": [],
   "source": [
    "with open('../data/cambridge_analytica/matrix_collection_1_1', 'rb') as f:\n",
    "    matrix = pickle.load(f)"
   ]
  },
  {
   "cell_type": "code",
   "execution_count": 4,
   "metadata": {},
   "outputs": [
    {
     "data": {
      "text/plain": [
       "{0.0: array([[0.99999988, 0.95897526, 0.95427388, 0.93884087, 0.94862819,\n",
       "         0.96145672, 0.93520367, 0.97511584, 0.91672176, 0.81999826,\n",
       "         0.96460879, 0.94735825, 0.91906488, 0.95958412, 0.95121622],\n",
       "        [0.95897526, 1.00000012, 0.93673551, 0.93249989, 0.96308339,\n",
       "         0.99003297, 0.93674266, 0.96170211, 0.93864906, 0.81245267,\n",
       "         0.97206044, 0.92672867, 0.90492004, 0.97001553, 0.95655334],\n",
       "        [0.95427388, 0.93673551, 1.00000012, 0.95717347, 0.9510709 ,\n",
       "         0.94467276, 0.95086402, 0.96168733, 0.9133411 , 0.88622332,\n",
       "         0.95143306, 0.95831406, 0.8917523 , 0.94714463, 0.95283544],\n",
       "        [0.93884087, 0.93249989, 0.95717347, 0.99999976, 0.95746672,\n",
       "         0.94084871, 0.95706624, 0.93811595, 0.9034698 , 0.85053968,\n",
       "         0.94902271, 0.95217717, 0.88072902, 0.95099413, 0.96368265],\n",
       "        [0.94862819, 0.96308339, 0.9510709 , 0.95746672, 1.        ,\n",
       "         0.96768045, 0.9582262 , 0.94590759, 0.91801983, 0.84113854,\n",
       "         0.95495164, 0.9545064 , 0.90437317, 0.97306973, 0.98367488],\n",
       "        [0.96145672, 0.99003297, 0.94467276, 0.94084871, 0.96768045,\n",
       "         0.99999988, 0.94153297, 0.96386266, 0.93875223, 0.81497747,\n",
       "         0.97818959, 0.93775916, 0.90199208, 0.97263861, 0.96215755],\n",
       "        [0.93520367, 0.93674266, 0.95086402, 0.95706624, 0.9582262 ,\n",
       "         0.94153297, 0.99999994, 0.94030976, 0.91283751, 0.8556419 ,\n",
       "         0.93594038, 0.93645704, 0.89631301, 0.95152295, 0.97211927],\n",
       "        [0.97511584, 0.96170211, 0.96168733, 0.93811595, 0.94590759,\n",
       "         0.96386266, 0.94030976, 1.        , 0.91335034, 0.83434469,\n",
       "         0.96183544, 0.94079888, 0.90986425, 0.95543456, 0.94349003],\n",
       "        [0.91672176, 0.93864906, 0.9133411 , 0.9034698 , 0.91801983,\n",
       "         0.93875223, 0.91283751, 0.91335034, 1.00000012, 0.83269817,\n",
       "         0.92313254, 0.89145803, 0.92063397, 0.90383852, 0.93432677],\n",
       "        [0.81999826, 0.81245267, 0.88622332, 0.85053968, 0.84113854,\n",
       "         0.81497747, 0.8556419 , 0.83434469, 0.83269817, 1.        ,\n",
       "         0.81955075, 0.84649062, 0.80541885, 0.83490896, 0.85782719],\n",
       "        [0.96460879, 0.97206044, 0.95143306, 0.94902271, 0.95495164,\n",
       "         0.97818959, 0.93594038, 0.96183544, 0.92313254, 0.81955075,\n",
       "         1.        , 0.94736278, 0.89177412, 0.96572149, 0.95515752],\n",
       "        [0.94735825, 0.92672867, 0.95831406, 0.95217717, 0.9545064 ,\n",
       "         0.93775916, 0.93645704, 0.94079888, 0.89145803, 0.84649062,\n",
       "         0.94736278, 1.00000012, 0.89098978, 0.95275474, 0.95506823],\n",
       "        [0.91906488, 0.90492004, 0.8917523 , 0.88072902, 0.90437317,\n",
       "         0.90199208, 0.89631301, 0.90986425, 0.92063397, 0.80541885,\n",
       "         0.89177412, 0.89098978, 1.        , 0.88942528, 0.91958588],\n",
       "        [0.95958412, 0.97001553, 0.94714463, 0.95099413, 0.97306973,\n",
       "         0.97263861, 0.95152295, 0.95543456, 0.90383852, 0.83490896,\n",
       "         0.96572149, 0.95275474, 0.88942528, 1.00000024, 0.969405  ],\n",
       "        [0.95121622, 0.95655334, 0.95283544, 0.96368265, 0.98367488,\n",
       "         0.96215755, 0.97211927, 0.94349003, 0.93432677, 0.85782719,\n",
       "         0.95515752, 0.95506823, 0.91958588, 0.969405  , 0.9999997 ]]),\n",
       " 0.01: array([[0.99999994, 0.95875549, 0.95408654, 0.93864071, 0.94839156,\n",
       "         0.96119338, 0.93520731, 0.97504354, 0.91663849, 0.81989336,\n",
       "         0.96448636, 0.94718623, 0.91900885, 0.95935392, 0.95105982],\n",
       "        [0.95875549, 0.99999976, 0.9365263 , 0.93233681, 0.96293652,\n",
       "         0.98994792, 0.93701446, 0.96158695, 0.93878496, 0.812451  ,\n",
       "         0.97196192, 0.92649186, 0.90491843, 0.96991652, 0.95643127],\n",
       "        [0.95408654, 0.9365263 , 0.99999976, 0.95711684, 0.95096469,\n",
       "         0.94448292, 0.95078886, 0.96168149, 0.91320264, 0.8862679 ,\n",
       "         0.95123398, 0.958166  , 0.89176679, 0.94686443, 0.95273173],\n",
       "        [0.93864071, 0.93233681, 0.95711684, 1.00000012, 0.95745289,\n",
       "         0.94073629, 0.95713305, 0.93801862, 0.90350944, 0.85066581,\n",
       "         0.94885397, 0.95210075, 0.88080418, 0.95092237, 0.96371305],\n",
       "        [0.94839156, 0.96293652, 0.95096469, 0.95745289, 1.        ,\n",
       "         0.96752274, 0.95839304, 0.94579524, 0.9180553 , 0.84120584,\n",
       "         0.95479202, 0.95439357, 0.90432411, 0.97296977, 0.98355222],\n",
       "        [0.96119338, 0.98994792, 0.94448292, 0.94073629, 0.96752274,\n",
       "         1.00000012, 0.94169533, 0.96370888, 0.93874288, 0.8149237 ,\n",
       "         0.97810668, 0.93755794, 0.90178615, 0.97250724, 0.96196115],\n",
       "        [0.93520731, 0.93701446, 0.95078886, 0.95713305, 0.95839304,\n",
       "         0.94169533, 1.        , 0.94041443, 0.91310751, 0.85561603,\n",
       "         0.93600202, 0.9364292 , 0.89662135, 0.95169127, 0.97224629],\n",
       "        [0.97504354, 0.96158695, 0.96168149, 0.93801862, 0.94579524,\n",
       "         0.96370888, 0.94041443, 1.        , 0.91341859, 0.83439183,\n",
       "         0.96173495, 0.9406296 , 0.90988642, 0.95528477, 0.94341469],\n",
       "        [0.91663849, 0.93878496, 0.91320264, 0.90350944, 0.9180553 ,\n",
       "         0.93874288, 0.91310751, 0.91341859, 1.        , 0.83266324,\n",
       "         0.92318881, 0.89138305, 0.92072153, 0.90391749, 0.93457633],\n",
       "        [0.81989336, 0.812451  , 0.8862679 , 0.85066581, 0.84120584,\n",
       "         0.8149237 , 0.85561603, 0.83439183, 0.83266324, 0.99999988,\n",
       "         0.81949764, 0.8465116 , 0.80546427, 0.83483899, 0.85788393],\n",
       "        [0.96448636, 0.97196192, 0.95123398, 0.94885397, 0.95479202,\n",
       "         0.97810668, 0.93600202, 0.96173495, 0.92318881, 0.81949764,\n",
       "         0.99999988, 0.94711375, 0.89179224, 0.96557319, 0.95503938],\n",
       "        [0.94718623, 0.92649186, 0.958166  , 0.95210075, 0.95439357,\n",
       "         0.93755794, 0.9364292 , 0.9406296 , 0.89138305, 0.8465116 ,\n",
       "         0.94711375, 1.        , 0.89105129, 0.9525522 , 0.95497698],\n",
       "        [0.91900885, 0.90491843, 0.89176679, 0.88080418, 0.90432411,\n",
       "         0.90178615, 0.89662135, 0.90988642, 0.92072153, 0.80546427,\n",
       "         0.89179224, 0.89105129, 1.00000012, 0.8894037 , 0.91981113],\n",
       "        [0.95935392, 0.96991652, 0.94686443, 0.95092237, 0.97296977,\n",
       "         0.97250724, 0.95169127, 0.95528477, 0.90391749, 0.83483899,\n",
       "         0.96557319, 0.9525522 , 0.8894037 , 1.00000024, 0.96921951],\n",
       "        [0.95105982, 0.95643127, 0.95273173, 0.96371305, 0.98355222,\n",
       "         0.96196115, 0.97224629, 0.94341469, 0.93457633, 0.85788393,\n",
       "         0.95503938, 0.95497698, 0.91981113, 0.96921951, 0.99999988]]),\n",
       " 0.02: array([[0.99999988, 0.95852935, 0.9538933 , 0.9384343 , 0.94814813,\n",
       "         0.96092206, 0.93520653, 0.97496736, 0.91655064, 0.81978536,\n",
       "         0.96435916, 0.94700897, 0.91894966, 0.95911694, 0.95089841],\n",
       "        [0.95852935, 1.        , 0.93631047, 0.93216836, 0.96278447,\n",
       "         0.98985869, 0.93728775, 0.96146709, 0.93892038, 0.81244844,\n",
       "         0.97185904, 0.92624885, 0.90491462, 0.96981335, 0.95630431],\n",
       "        [0.9538933 , 0.93631047, 1.        , 0.95705587, 0.95085382,\n",
       "         0.94428545, 0.95070732, 0.9616726 , 0.91305804, 0.88631123,\n",
       "         0.95102865, 0.95801312, 0.89177841, 0.946576  , 0.95262289],\n",
       "        [0.9384343 , 0.93216836, 0.95705587, 0.99999988, 0.95743781,\n",
       "         0.9406184 , 0.95719659, 0.93791711, 0.90354717, 0.85079241,\n",
       "         0.94867969, 0.95202118, 0.88087857, 0.95084631, 0.96374106],\n",
       "        [0.94814813, 0.96278447, 0.95085382, 0.95743781, 1.        ,\n",
       "         0.96735907, 0.95855796, 0.94567871, 0.91808832, 0.84127295,\n",
       "         0.95462716, 0.9542765 , 0.90427208, 0.97286558, 0.98342466],\n",
       "        [0.96092206, 0.98985869, 0.94428545, 0.9406184 , 0.96735907,\n",
       "         1.        , 0.94185531, 0.9635489 , 0.93872958, 0.81486738,\n",
       "         0.97801852, 0.9373498 , 0.90157366, 0.97237027, 0.9617576 ],\n",
       "        [0.93520653, 0.93728775, 0.95070732, 0.95719659, 0.95855796,\n",
       "         0.94185531, 0.99999994, 0.94051653, 0.91337848, 0.85558707,\n",
       "         0.93606138, 0.93639737, 0.89693081, 0.95185935, 0.97237056],\n",
       "        [0.97496736, 0.96146709, 0.9616726 , 0.93791711, 0.94567871,\n",
       "         0.9635489 , 0.94051653, 0.99999988, 0.91348481, 0.83443868,\n",
       "         0.96163034, 0.94045508, 0.9099068 , 0.9551295 , 0.94333601],\n",
       "        [0.91655064, 0.93892038, 0.91305804, 0.90354717, 0.91808832,\n",
       "         0.93872958, 0.91337848, 0.91348481, 1.        , 0.8326261 ,\n",
       "         0.92324412, 0.89130443, 0.9208079 , 0.90399492, 0.93482625],\n",
       "        [0.81978536, 0.81244844, 0.88631123, 0.85079241, 0.84127295,\n",
       "         0.81486738, 0.85558707, 0.83443868, 0.8326261 , 1.        ,\n",
       "         0.81944203, 0.84653163, 0.80550957, 0.83476627, 0.8579402 ],\n",
       "        [0.96435916, 0.97185904, 0.95102865, 0.94867969, 0.95462716,\n",
       "         0.97801852, 0.93606138, 0.96163034, 0.92324412, 0.81944203,\n",
       "         0.99999988, 0.94685876, 0.89180803, 0.96541977, 0.95491648],\n",
       "        [0.94700897, 0.92624885, 0.95801312, 0.95202118, 0.9542765 ,\n",
       "         0.9373498 , 0.93639737, 0.94045508, 0.89130443, 0.84653163,\n",
       "         0.94685876, 1.        , 0.89111185, 0.9523437 , 0.95488179],\n",
       "        [0.91894966, 0.90491462, 0.89177841, 0.88087857, 0.90427208,\n",
       "         0.90157366, 0.89693081, 0.9099068 , 0.9208079 , 0.80550957,\n",
       "         0.89180803, 0.89111185, 1.        , 0.8893792 , 0.92003846],\n",
       "        [0.95911694, 0.96981335, 0.946576  , 0.95084631, 0.97286558,\n",
       "         0.97237027, 0.95185935, 0.9551295 , 0.90399492, 0.83476627,\n",
       "         0.96541977, 0.9523437 , 0.8893792 , 0.99999994, 0.96902782],\n",
       "        [0.95089841, 0.95630431, 0.95262289, 0.96374106, 0.98342466,\n",
       "         0.9617576 , 0.97237056, 0.94333601, 0.93482625, 0.8579402 ,\n",
       "         0.95491648, 0.95488179, 0.92003846, 0.96902782, 1.        ]]),\n",
       " 0.03: array([[0.99999988, 0.95829642, 0.95369393, 0.93822181, 0.94789785,\n",
       "         0.96064258, 0.93520135, 0.97488761, 0.91645801, 0.81967396,\n",
       "         0.96422696, 0.94682652, 0.91888726, 0.95887303, 0.95073187],\n",
       "        [0.95829642, 1.        , 0.93608713, 0.93199414, 0.96262652,\n",
       "         0.98976463, 0.93756229, 0.96134239, 0.93905479, 0.81244397,\n",
       "         0.97175109, 0.92599887, 0.9049083 , 0.96970558, 0.95617193],\n",
       "        [0.95369393, 0.93608713, 1.00000012, 0.9569906 , 0.95073771,\n",
       "         0.94407988, 0.9506191 , 0.96166068, 0.91290665, 0.8863526 ,\n",
       "         0.95081627, 0.95785487, 0.89178687, 0.94627881, 0.95250845],\n",
       "        [0.93822181, 0.93199414, 0.9569906 , 1.        , 0.95742178,\n",
       "         0.94049501, 0.95725739, 0.93781197, 0.90358323, 0.8509196 ,\n",
       "         0.94850016, 0.95193851, 0.88095272, 0.95076656, 0.96376705],\n",
       "        [0.94789785, 0.96262652, 0.95073771, 0.95742178, 0.99999988,\n",
       "         0.96718937, 0.95872092, 0.94555783, 0.91811872, 0.84133959,\n",
       "         0.95445657, 0.95415485, 0.90421665, 0.97275692, 0.98329186],\n",
       "        [0.96064258, 0.98976463, 0.94407988, 0.94049501, 0.96718937,\n",
       "         1.00000012, 0.94201279, 0.96338296, 0.93871224, 0.81480849,\n",
       "         0.97792459, 0.93713444, 0.90135467, 0.97222769, 0.96154654],\n",
       "        [0.93520135, 0.93756229, 0.9506191 , 0.95725739, 0.95872092,\n",
       "         0.94201279, 1.00000012, 0.94061625, 0.91365039, 0.8555547 ,\n",
       "         0.93611848, 0.93636149, 0.89724195, 0.95202756, 0.97249186],\n",
       "        [0.97488761, 0.96134239, 0.96166068, 0.93781197, 0.94555783,\n",
       "         0.96338296, 0.94061625, 1.        , 0.9135493 , 0.83448517,\n",
       "         0.96152174, 0.94027549, 0.90992546, 0.95496905, 0.94325411],\n",
       "        [0.91645801, 0.93905479, 0.91290665, 0.90358323, 0.91811872,\n",
       "         0.93871224, 0.91365039, 0.9135493 , 0.99999988, 0.83258635,\n",
       "         0.92329806, 0.891222  , 0.92089319, 0.90407085, 0.93507636],\n",
       "        [0.81967396, 0.81244397, 0.8863526 , 0.8509196 , 0.84133959,\n",
       "         0.81480849, 0.8555547 , 0.83448517, 0.83258635, 0.99999994,\n",
       "         0.8193838 , 0.84655011, 0.80555433, 0.83469069, 0.85799557],\n",
       "        [0.96422696, 0.97175109, 0.95081627, 0.94850016, 0.95445657,\n",
       "         0.97792459, 0.93611848, 0.96152174, 0.92329806, 0.8193838 ,\n",
       "         0.99999994, 0.94659746, 0.8918215 , 0.96526128, 0.95478839],\n",
       "        [0.94682652, 0.92599887, 0.95785487, 0.95193851, 0.95415485,\n",
       "         0.93713444, 0.93636149, 0.94027549, 0.891222  , 0.84655011,\n",
       "         0.94659746, 0.99999994, 0.89117157, 0.95212907, 0.95478225],\n",
       "        [0.91888726, 0.9049083 , 0.89178687, 0.88095272, 0.90421665,\n",
       "         0.90135467, 0.89724195, 0.90992546, 0.92089319, 0.80555433,\n",
       "         0.8918215 , 0.89117157, 1.        , 0.88935208, 0.92026794],\n",
       "        [0.95887303, 0.96970558, 0.94627881, 0.95076656, 0.97275692,\n",
       "         0.97222769, 0.95202756, 0.95496905, 0.90407085, 0.83469069,\n",
       "         0.96526128, 0.95212907, 0.88935208, 0.99999988, 0.96882975],\n",
       "        [0.95073187, 0.95617193, 0.95250845, 0.96376705, 0.98329186,\n",
       "         0.96154654, 0.97249186, 0.94325411, 0.93507636, 0.85799557,\n",
       "         0.95478839, 0.95478225, 0.92026794, 0.96882975, 1.        ]]),\n",
       " 0.04: array([[1.        , 0.95805633, 0.95348805, 0.93800265, 0.94764054,\n",
       "         0.96035457, 0.93519133, 0.97480381, 0.91636074, 0.81955928,\n",
       "         0.96408969, 0.94663858, 0.91882157, 0.95862198, 0.95056033],\n",
       "        [0.95805633, 0.99999994, 0.93585598, 0.93181372, 0.96246266,\n",
       "         0.98966563, 0.9378376 , 0.96121222, 0.93918824, 0.81243825,\n",
       "         0.97163802, 0.92574191, 0.90489924, 0.96959293, 0.95603395],\n",
       "        [0.95348805, 0.93585598, 1.00000024, 0.95692039, 0.95061636,\n",
       "         0.94386601, 0.95052361, 0.96164501, 0.91274852, 0.8863923 ,\n",
       "         0.95059687, 0.95769131, 0.89179182, 0.94597262, 0.95238829],\n",
       "        [0.93800265, 0.93181372, 0.95692039, 0.99999994, 0.95740455,\n",
       "         0.94036591, 0.95731443, 0.93770242, 0.90361726, 0.85104746,\n",
       "         0.94831479, 0.95185262, 0.88102603, 0.95068252, 0.96379066],\n",
       "        [0.94764054, 0.96246266, 0.95061636, 0.95740455, 0.99999994,\n",
       "         0.96701348, 0.95888156, 0.94543236, 0.91814661, 0.84140593,\n",
       "         0.95428038, 0.95402896, 0.904158  , 0.97264379, 0.98315382],\n",
       "        [0.96035457, 0.98966563, 0.94386601, 0.94036591, 0.96701348,\n",
       "         1.00000024, 0.94216716, 0.9632104 , 0.9386909 , 0.81474686,\n",
       "         0.97782487, 0.93691176, 0.90112871, 0.97207922, 0.96132797],\n",
       "        [0.93519133, 0.9378376 , 0.95052361, 0.95731443, 0.95888156,\n",
       "         0.94216716, 0.99999982, 0.94071263, 0.91392303, 0.85551876,\n",
       "         0.93617272, 0.93632114, 0.89755392, 0.95219535, 0.97260988],\n",
       "        [0.97480381, 0.96121222, 0.96164501, 0.93770242, 0.94543236,\n",
       "         0.9632104 , 0.94071263, 0.99999976, 0.91361153, 0.83453119,\n",
       "         0.9614085 , 0.9400903 , 0.90994203, 0.95480275, 0.94316864],\n",
       "        [0.91636074, 0.93918824, 0.91274852, 0.90361726, 0.91814661,\n",
       "         0.9386909 , 0.91392303, 0.91361153, 1.00000024, 0.83254433,\n",
       "         0.92335087, 0.89113593, 0.92097718, 0.90414524, 0.93532676],\n",
       "        [0.81955928, 0.81243825, 0.8863923 , 0.85104746, 0.84140593,\n",
       "         0.81474686, 0.85551876, 0.83453119, 0.83254433, 1.00000012,\n",
       "         0.81932294, 0.84656745, 0.80559874, 0.83461225, 0.85805041],\n",
       "        [0.96408969, 0.97163802, 0.95059687, 0.94831479, 0.95428038,\n",
       "         0.97782487, 0.93617272, 0.9614085 , 0.92335087, 0.81932294,\n",
       "         1.        , 0.94632959, 0.89183235, 0.96509737, 0.95465487],\n",
       "        [0.94663858, 0.92574191, 0.95769131, 0.95185262, 0.95402896,\n",
       "         0.93691176, 0.93632114, 0.9400903 , 0.89113593, 0.84656745,\n",
       "         0.94632959, 1.        , 0.89123023, 0.95190817, 0.95467854],\n",
       "        [0.91882157, 0.90489924, 0.89179182, 0.88102603, 0.904158  ,\n",
       "         0.90112871, 0.89755392, 0.90994203, 0.92097718, 0.80559874,\n",
       "         0.89183235, 0.89123023, 0.99999982, 0.8893218 , 0.92049944],\n",
       "        [0.95862198, 0.96959293, 0.94597262, 0.95068252, 0.97264379,\n",
       "         0.97207922, 0.95219535, 0.95480275, 0.90414524, 0.83461225,\n",
       "         0.96509737, 0.95190817, 0.8893218 , 0.99999988, 0.96862513],\n",
       "        [0.95056033, 0.95603395, 0.95238829, 0.96379066, 0.98315382,\n",
       "         0.96132797, 0.97260988, 0.94316864, 0.93532676, 0.85805041,\n",
       "         0.95465487, 0.95467854, 0.92049944, 0.96862513, 1.        ]]),\n",
       " 0.05: array([[0.99999988, 0.95780891, 0.95327526, 0.93777674, 0.94737577,\n",
       "         0.96005756, 0.93517649, 0.97471583, 0.9162581 , 0.81944072,\n",
       "         0.96394682, 0.94644499, 0.91875243, 0.95836329, 0.95038331],\n",
       "        [0.95780891, 1.00000024, 0.93561697, 0.93162721, 0.96229291,\n",
       "         0.98956168, 0.93811452, 0.96107709, 0.93932062, 0.81243074,\n",
       "         0.97151959, 0.9254778 , 0.90488768, 0.96947557, 0.95589042],\n",
       "        [0.95327526, 0.93561697, 1.00000012, 0.95684516, 0.9504894 ,\n",
       "         0.94364309, 0.95042086, 0.96162581, 0.91258287, 0.88642967,\n",
       "         0.95036972, 0.95752203, 0.89179325, 0.9456569 , 0.9522621 ],\n",
       "        [0.93777674, 0.93162721, 0.95684516, 0.99999994, 0.95738626,\n",
       "         0.94023079, 0.95736837, 0.93758869, 0.90364933, 0.85117549,\n",
       "         0.94812351, 0.95176333, 0.88109887, 0.95059407, 0.96381187],\n",
       "        [0.94737577, 0.96229291, 0.9504894 , 0.95738626, 1.        ,\n",
       "         0.96683085, 0.95904011, 0.94530243, 0.91817153, 0.84147155,\n",
       "         0.95409799, 0.95389807, 0.90409601, 0.97252584, 0.98301041],\n",
       "        [0.96005756, 0.98956168, 0.94364309, 0.94023079, 0.96683085,\n",
       "         0.99999988, 0.94231868, 0.96303117, 0.93866491, 0.81468207,\n",
       "         0.97771877, 0.93668115, 0.90089566, 0.97192442, 0.96110117],\n",
       "        [0.93517649, 0.93811452, 0.95042086, 0.95736837, 0.95904011,\n",
       "         0.94231868, 1.        , 0.94080651, 0.91419667, 0.855479  ,\n",
       "         0.9362244 , 0.93627644, 0.8978675 , 0.95236313, 0.9727248 ],\n",
       "        [0.97471583, 0.96107709, 0.96162581, 0.93758869, 0.94530243,\n",
       "         0.96303117, 0.94080651, 0.99999988, 0.91367161, 0.83457649,\n",
       "         0.96129072, 0.93989962, 0.90995681, 0.95463061, 0.94307983],\n",
       "        [0.9162581 , 0.93932062, 0.91258287, 0.90364933, 0.91817153,\n",
       "         0.93866491, 0.91419667, 0.91367161, 1.00000024, 0.83249915,\n",
       "         0.92340201, 0.89104569, 0.92105979, 0.90421772, 0.93557715],\n",
       "        [0.81944072, 0.81243074, 0.88642967, 0.85117549, 0.84147155,\n",
       "         0.81468207, 0.855479  , 0.83457649, 0.83249915, 0.9999997 ,\n",
       "         0.81925881, 0.84658313, 0.80564272, 0.83453059, 0.85810417],\n",
       "        [0.96394682, 0.97151959, 0.95036972, 0.94812351, 0.95409799,\n",
       "         0.97771877, 0.9362244 , 0.96129072, 0.92340201, 0.81925881,\n",
       "         0.99999988, 0.94605505, 0.89184052, 0.96492767, 0.95451581],\n",
       "        [0.94644499, 0.9254778 , 0.95752203, 0.95176333, 0.95389807,\n",
       "         0.93668115, 0.93627644, 0.93989962, 0.89104569, 0.84658313,\n",
       "         0.94605505, 1.00000024, 0.89128804, 0.95168066, 0.95457029],\n",
       "        [0.91875243, 0.90488768, 0.89179325, 0.88109887, 0.90409601,\n",
       "         0.90089566, 0.8978675 , 0.90995681, 0.92105979, 0.80564272,\n",
       "         0.89184052, 0.89128804, 1.        , 0.88928866, 0.92073327],\n",
       "        [0.95836329, 0.96947557, 0.9456569 , 0.95059407, 0.97252584,\n",
       "         0.97192442, 0.95236313, 0.95463061, 0.90421772, 0.83453059,\n",
       "         0.96492767, 0.95168066, 0.88928866, 1.        , 0.96841359],\n",
       "        [0.95038331, 0.95589042, 0.9522621 , 0.96381187, 0.98301041,\n",
       "         0.96110117, 0.9727248 , 0.94307983, 0.93557715, 0.85810417,\n",
       "         0.95451581, 0.95457029, 0.92073327, 0.96841359, 1.        ]]),\n",
       " 0.06: array([[1.        , 0.95755398, 0.95305562, 0.93754423, 0.94710338,\n",
       "         0.95975167, 0.9351564 , 0.97462368, 0.91615009, 0.81931865,\n",
       "         0.96379852, 0.94624555, 0.91867971, 0.9580971 , 0.95020056],\n",
       "        [0.95755398, 1.00000012, 0.93536949, 0.93143439, 0.9621166 ,\n",
       "         0.98945236, 0.93839204, 0.96093625, 0.93945158, 0.81242162,\n",
       "         0.97139543, 0.92520601, 0.90487307, 0.96935302, 0.95574075],\n",
       "        [0.95305562, 0.93536949, 0.99999994, 0.95676506, 0.9503566 ,\n",
       "         0.94341123, 0.95031011, 0.96160281, 0.91240966, 0.88646519,\n",
       "         0.95013499, 0.95734686, 0.89179093, 0.94533145, 0.95212948],\n",
       "        [0.93754423, 0.93143439, 0.95676506, 1.00000024, 0.9573667 ,\n",
       "         0.9400897 , 0.95741856, 0.93747056, 0.90367925, 0.85130441,\n",
       "         0.94792622, 0.95167065, 0.88117099, 0.9505012 , 0.96383071],\n",
       "        [0.94710338, 0.9621166 , 0.9503566 , 0.9573667 , 1.        ,\n",
       "         0.96664155, 0.95919573, 0.94516742, 0.91819322, 0.84153688,\n",
       "         0.9539094 , 0.95376229, 0.9040302 , 0.97240293, 0.9828611 ],\n",
       "        [0.95975167, 0.98945236, 0.94341123, 0.9400897 , 0.96664155,\n",
       "         0.99999976, 0.94246686, 0.96284509, 0.93863428, 0.81461459,\n",
       "         0.97760642, 0.93644261, 0.90065527, 0.97176337, 0.96086615],\n",
       "        [0.9351564 , 0.93839204, 0.95031011, 0.95741856, 0.95919573,\n",
       "         0.94246686, 0.99999988, 0.94089699, 0.91447055, 0.85543561,\n",
       "         0.93627304, 0.93622667, 0.89818192, 0.95253032, 0.9728359 ],\n",
       "        [0.97462368, 0.96093625, 0.96160281, 0.93747056, 0.94516742,\n",
       "         0.96284509, 0.94089699, 0.99999988, 0.91372925, 0.83462143,\n",
       "         0.96116817, 0.93970305, 0.90996939, 0.95445246, 0.94298708],\n",
       "        [0.91615009, 0.93945158, 0.91240966, 0.90367925, 0.91819322,\n",
       "         0.93863428, 0.91447055, 0.91372925, 1.        , 0.83245134,\n",
       "         0.92345154, 0.8909511 , 0.92114079, 0.90428811, 0.93582737],\n",
       "        [0.81931865, 0.81242162, 0.88646519, 0.85130441, 0.84153688,\n",
       "         0.81461459, 0.85543561, 0.83462143, 0.83245134, 0.99999976,\n",
       "         0.81919205, 0.84659743, 0.80568618, 0.83444595, 0.85815734],\n",
       "        [0.96379852, 0.97139543, 0.95013499, 0.94792622, 0.9539094 ,\n",
       "         0.97760642, 0.93627304, 0.96116817, 0.92345154, 0.81919205,\n",
       "         1.        , 0.94577354, 0.89184588, 0.96475232, 0.95437098],\n",
       "        [0.94624555, 0.92520601, 0.95734686, 0.95167065, 0.95376229,\n",
       "         0.93644261, 0.93622667, 0.93970305, 0.8909511 , 0.84659743,\n",
       "         0.94577354, 1.00000012, 0.89134455, 0.95144629, 0.95445716],\n",
       "        [0.91867971, 0.90487307, 0.89179093, 0.88117099, 0.9040302 ,\n",
       "         0.90065527, 0.89818192, 0.90996939, 0.92114079, 0.80568618,\n",
       "         0.89184588, 0.89134455, 0.99999994, 0.88925225, 0.92096913],\n",
       "        [0.9580971 , 0.96935302, 0.94533145, 0.9505012 , 0.97240293,\n",
       "         0.97176337, 0.95253032, 0.95445246, 0.90428811, 0.83444595,\n",
       "         0.96475232, 0.95144629, 0.88925225, 1.        , 0.96819484],\n",
       "        [0.95020056, 0.95574075, 0.95212948, 0.96383071, 0.9828611 ,\n",
       "         0.96086615, 0.9728359 , 0.94298708, 0.93582737, 0.85815734,\n",
       "         0.95437098, 0.95445716, 0.92096913, 0.96819484, 0.99999988]]),\n",
       " 0.07: array([[1.        , 0.95729089, 0.95282871, 0.93730402, 0.94682288,\n",
       "         0.95943636, 0.93513077, 0.97452712, 0.91603637, 0.81919277,\n",
       "         0.96364427, 0.9460398 , 0.91860306, 0.95782268, 0.95001209],\n",
       "        [0.95729089, 1.        , 0.93511343, 0.93123442, 0.96193349,\n",
       "         0.98933768, 0.93867058, 0.96078956, 0.93958116, 0.81241065,\n",
       "         0.97126544, 0.92492622, 0.90485525, 0.96922493, 0.95558482],\n",
       "        [0.95282871, 0.93511343, 1.        , 0.95667934, 0.95021784,\n",
       "         0.94317025, 0.9501915 , 0.96157604, 0.91222864, 0.88649863,\n",
       "         0.94989234, 0.95716548, 0.89178467, 0.944996  , 0.9519906 ],\n",
       "        [0.93730402, 0.93123442, 0.95667934, 1.        , 0.9573456 ,\n",
       "         0.93994212, 0.95746469, 0.93734777, 0.90370655, 0.85143363,\n",
       "         0.94772232, 0.95157391, 0.88124204, 0.95040333, 0.9638465 ],\n",
       "        [0.94682288, 0.96193349, 0.95021784, 0.9573456 , 1.        ,\n",
       "         0.96644521, 0.95934868, 0.94502747, 0.91821176, 0.84160161,\n",
       "         0.95371425, 0.95362103, 0.90396059, 0.9722749 , 0.98270589],\n",
       "        [0.95943636, 0.98933768, 0.94317025, 0.93994212, 0.96644521,\n",
       "         1.        , 0.94261187, 0.96265203, 0.93859899, 0.81454432,\n",
       "         0.97748756, 0.93619573, 0.90040731, 0.97159588, 0.96062285],\n",
       "        [0.93513077, 0.93867058, 0.9501915 , 0.95746469, 0.95934868,\n",
       "         0.94261187, 0.99999988, 0.94098419, 0.91474521, 0.85538805,\n",
       "         0.93631864, 0.93617189, 0.89849746, 0.95269716, 0.97294319],\n",
       "        [0.97452712, 0.96078956, 0.96157604, 0.93734777, 0.94502747,\n",
       "         0.96265203, 0.94098419, 1.00000012, 0.91378438, 0.83466589,\n",
       "         0.96104074, 0.93950021, 0.90997982, 0.95426798, 0.94289064],\n",
       "        [0.91603637, 0.93958116, 0.91222864, 0.90370655, 0.91821176,\n",
       "         0.93859899, 0.91474521, 0.91378438, 0.99999994, 0.83240062,\n",
       "         0.92349946, 0.89085209, 0.92122018, 0.90435648, 0.93607748],\n",
       "        [0.81919277, 0.81241065, 0.88649863, 0.85143363, 0.84160161,\n",
       "         0.81454432, 0.85538805, 0.83466589, 0.83240062, 0.99999988,\n",
       "         0.8191222 , 0.84661019, 0.80572915, 0.83435798, 0.85820961],\n",
       "        [0.96364427, 0.97126544, 0.94989234, 0.94772232, 0.95371425,\n",
       "         0.97748756, 0.93631864, 0.96104074, 0.92349946, 0.8191222 ,\n",
       "         1.        , 0.94548464, 0.89184821, 0.96457076, 0.95422018],\n",
       "        [0.9460398 , 0.92492622, 0.95716548, 0.95157391, 0.95362103,\n",
       "         0.93619573, 0.93617189, 0.93950021, 0.89085209, 0.84661019,\n",
       "         0.94548464, 0.99999994, 0.89139974, 0.95120466, 0.95433915],\n",
       "        [0.91860306, 0.90485525, 0.89178467, 0.88124204, 0.90396059,\n",
       "         0.90040731, 0.89849746, 0.90997982, 0.92122018, 0.80572915,\n",
       "         0.89184821, 0.89139974, 0.99999988, 0.88921237, 0.92120707],\n",
       "        [0.95782268, 0.96922493, 0.944996  , 0.95040333, 0.9722749 ,\n",
       "         0.97159588, 0.95269716, 0.95426798, 0.90435648, 0.83435798,\n",
       "         0.96457076, 0.95120466, 0.88921237, 1.00000024, 0.96796882],\n",
       "        [0.95001209, 0.95558482, 0.9519906 , 0.9638465 , 0.98270589,\n",
       "         0.96062285, 0.97294319, 0.94289064, 0.93607748, 0.85820961,\n",
       "         0.95422018, 0.95433915, 0.92120707, 0.96796882, 0.99999982]]),\n",
       " 0.08: array([[0.99999994, 0.95701981, 0.95259434, 0.9370563 , 0.94653404,\n",
       "         0.95911115, 0.93509936, 0.97442555, 0.91591692, 0.81906283,\n",
       "         0.96348399, 0.94582772, 0.91852236, 0.9575398 , 0.94981754],\n",
       "        [0.95701981, 0.99999988, 0.93484867, 0.93102777, 0.96174359,\n",
       "         0.98921734, 0.93895006, 0.96063679, 0.93970942, 0.81239796,\n",
       "         0.97112942, 0.92463863, 0.90483445, 0.96909124, 0.95542258],\n",
       "        [0.95259434, 0.93484867, 1.00000012, 0.95658803, 0.95007277,\n",
       "         0.94291949, 0.95006454, 0.96154493, 0.91203958, 0.8865298 ,\n",
       "         0.94964135, 0.95697796, 0.89177448, 0.94465005, 0.95184499],\n",
       "        [0.9370563 , 0.93102777, 0.95658803, 1.        , 0.95732325,\n",
       "         0.93978781, 0.95750678, 0.93721998, 0.9037317 , 0.85156327,\n",
       "         0.94751191, 0.95147359, 0.88131237, 0.95030034, 0.96385962],\n",
       "        [0.94653404, 0.96174359, 0.95007277, 0.95732325, 0.99999982,\n",
       "         0.9662416 , 0.95949864, 0.94488204, 0.91822696, 0.84166557,\n",
       "         0.95351231, 0.9534744 , 0.90388691, 0.97214115, 0.98254442],\n",
       "        [0.95911115, 0.98921734, 0.94291949, 0.93978781, 0.9662416 ,\n",
       "         1.00000024, 0.94275314, 0.96245122, 0.93855858, 0.81447065,\n",
       "         0.9773618 , 0.93594038, 0.90015149, 0.97142124, 0.96037054],\n",
       "        [0.93509936, 0.93895006, 0.95006454, 0.95750678, 0.95949864,\n",
       "         0.94275314, 0.99999988, 0.9410677 , 0.91502059, 0.85533643,\n",
       "         0.93636107, 0.93611199, 0.89881408, 0.95286328, 0.97304648],\n",
       "        [0.97442555, 0.96063679, 0.96154493, 0.93721998, 0.94488204,\n",
       "         0.96245122, 0.9410677 , 0.99999988, 0.91383684, 0.83470953,\n",
       "         0.96090806, 0.93929106, 0.90998763, 0.95407659, 0.94279003],\n",
       "        [0.91591692, 0.93970942, 0.91203958, 0.9037317 , 0.91822696,\n",
       "         0.93855858, 0.91502059, 0.91383684, 1.        , 0.8323468 ,\n",
       "         0.92354578, 0.8907485 , 0.92129791, 0.90442264, 0.93632734],\n",
       "        [0.81906283, 0.81239796, 0.8865298 , 0.85156327, 0.84166557,\n",
       "         0.81447065, 0.85533643, 0.83470953, 0.8323468 , 1.        ,\n",
       "         0.819049  , 0.84662116, 0.80577171, 0.83426642, 0.85826087],\n",
       "        [0.96348399, 0.97112942, 0.94964135, 0.94751191, 0.95351231,\n",
       "         0.9773618 , 0.93636107, 0.96090806, 0.92354578, 0.819049  ,\n",
       "         1.        , 0.94518846, 0.89184743, 0.96438301, 0.95406312],\n",
       "        [0.94582772, 0.92463863, 0.95697796, 0.95147359, 0.9534744 ,\n",
       "         0.93594038, 0.93611199, 0.93929106, 0.8907485 , 0.84662116,\n",
       "         0.94518846, 1.        , 0.89145386, 0.95095575, 0.954216  ],\n",
       "        [0.91852236, 0.90483445, 0.89177448, 0.88131237, 0.90388691,\n",
       "         0.90015149, 0.89881408, 0.90998763, 0.92129791, 0.80577171,\n",
       "         0.89184743, 0.89145386, 0.99999982, 0.88916892, 0.92144728],\n",
       "        [0.9575398 , 0.96909124, 0.94465005, 0.95030034, 0.97214115,\n",
       "         0.97142124, 0.95286328, 0.95407659, 0.90442264, 0.83426642,\n",
       "         0.96438301, 0.95095575, 0.88916892, 1.        , 0.96773487],\n",
       "        [0.94981754, 0.95542258, 0.95184499, 0.96385962, 0.98254442,\n",
       "         0.96037054, 0.97304648, 0.94279003, 0.93632734, 0.85826087,\n",
       "         0.95406312, 0.954216  , 0.92144728, 0.96773487, 0.99999976]]),\n",
       " 0.09: array([[1.        , 0.95674014, 0.95235205, 0.93680084, 0.94623697,\n",
       "         0.95877564, 0.93506211, 0.97431934, 0.91579115, 0.81892884,\n",
       "         0.96331745, 0.94560909, 0.91843772, 0.95724839, 0.94961679],\n",
       "        [0.95674014, 1.        , 0.93457448, 0.93081385, 0.96154672,\n",
       "         0.98909104, 0.93923044, 0.96047783, 0.93983591, 0.81238317,\n",
       "         0.9709872 , 0.92434251, 0.90481043, 0.96895188, 0.95525372],\n",
       "        [0.95235205, 0.93457448, 1.00000024, 0.95649087, 0.94992131,\n",
       "         0.94265831, 0.94992876, 0.96150947, 0.91184175, 0.88655835,\n",
       "         0.94938183, 0.95678365, 0.89175987, 0.9442932 , 0.95169234],\n",
       "        [0.93680084, 0.93081385, 0.95649087, 1.        , 0.95729971,\n",
       "         0.9396264 , 0.95754457, 0.93708718, 0.90375412, 0.85169315,\n",
       "         0.94729477, 0.95136917, 0.88138187, 0.95019239, 0.96386993],\n",
       "        [0.94623697, 0.96154672, 0.94992131, 0.95729971, 1.        ,\n",
       "         0.96603048, 0.95964575, 0.94473147, 0.91823864, 0.84172904,\n",
       "         0.95330358, 0.95332241, 0.90380943, 0.97200227, 0.98237687],\n",
       "        [0.95877564, 0.98909104, 0.94265831, 0.9396264 , 0.96603048,\n",
       "         1.        , 0.94289047, 0.96224266, 0.93851268, 0.81439364,\n",
       "         0.97722864, 0.93567574, 0.89988738, 0.97123951, 0.960109  ],\n",
       "        [0.93506211, 0.93923044, 0.94992876, 0.95754457, 0.95964575,\n",
       "         0.94289047, 1.        , 0.94114745, 0.91529614, 0.8552804 ,\n",
       "         0.93640018, 0.9360466 , 0.8991316 , 0.95302892, 0.97314572],\n",
       "        [0.97431934, 0.96047783, 0.96150947, 0.93708718, 0.94473147,\n",
       "         0.96224266, 0.94114745, 1.        , 0.91388637, 0.83475244,\n",
       "         0.96077001, 0.93907523, 0.90999311, 0.95387852, 0.94268537],\n",
       "        [0.91579115, 0.93983591, 0.91184175, 0.90375412, 0.91823864,\n",
       "         0.93851268, 0.91529614, 0.91388637, 0.99999976, 0.8322897 ,\n",
       "         0.92359006, 0.89064002, 0.92137384, 0.90448642, 0.93657684],\n",
       "        [0.81892884, 0.81238317, 0.88655835, 0.85169315, 0.84172904,\n",
       "         0.81439364, 0.8552804 , 0.83475244, 0.8322897 , 1.        ,\n",
       "         0.81897247, 0.84663022, 0.80581355, 0.83417135, 0.85831118],\n",
       "        [0.96331745, 0.9709872 , 0.94938183, 0.94729477, 0.95330358,\n",
       "         0.97722864, 0.93640018, 0.96077001, 0.92359006, 0.81897247,\n",
       "         1.        , 0.94488442, 0.8918435 , 0.96418858, 0.95389974],\n",
       "        [0.94560909, 0.92434251, 0.95678365, 0.95136917, 0.95332241,\n",
       "         0.93567574, 0.9360466 , 0.93907523, 0.89064002, 0.84663022,\n",
       "         0.94488442, 0.99999988, 0.89150631, 0.95069909, 0.95408773],\n",
       "        [0.91843772, 0.90481043, 0.89175987, 0.88138187, 0.90380943,\n",
       "         0.89988738, 0.8991316 , 0.90999311, 0.92137384, 0.80581355,\n",
       "         0.8918435 , 0.89150631, 1.        , 0.88912189, 0.92168987],\n",
       "        [0.95724839, 0.96895188, 0.9442932 , 0.95019239, 0.97200227,\n",
       "         0.97123951, 0.95302892, 0.95387852, 0.90448642, 0.83417135,\n",
       "         0.96418858, 0.95069909, 0.88912189, 1.        , 0.9674933 ],\n",
       "        [0.94961679, 0.95525372, 0.95169234, 0.96386993, 0.98237687,\n",
       "         0.960109  , 0.97314572, 0.94268537, 0.93657684, 0.85831118,\n",
       "         0.95389974, 0.95408773, 0.92168987, 0.9674933 , 1.00000012]]),\n",
       " 0.1: array([[1.        , 0.95645165, 0.95210171, 0.93653738, 0.94593078,\n",
       "         0.95842969, 0.93501842, 0.97420794, 0.91565925, 0.81879038,\n",
       "         0.96314418, 0.94538379, 0.91834867, 0.95694804, 0.94940937],\n",
       "        [0.95645165, 0.99999982, 0.93429053, 0.9305923 , 0.96134198,\n",
       "         0.98895824, 0.9395113 , 0.96031225, 0.93996072, 0.81236631,\n",
       "         0.97083801, 0.92403775, 0.90478265, 0.96880633, 0.95507741],\n",
       "        [0.95210171, 0.93429053, 0.99999988, 0.95638752, 0.94976264,\n",
       "         0.94238651, 0.9497835 , 0.96146935, 0.91163516, 0.88658416,\n",
       "         0.94911301, 0.95658255, 0.89174056, 0.94392502, 0.95153195],\n",
       "        [0.93653738, 0.9305923 , 0.95638752, 1.        , 0.95727444,\n",
       "         0.93945771, 0.95757771, 0.93694913, 0.9037739 , 0.85182345,\n",
       "         0.94707024, 0.95126069, 0.88145012, 0.95007896, 0.96387672],\n",
       "        [0.94593078, 0.96134198, 0.94976264, 0.95727444, 0.99999982,\n",
       "         0.96581107, 0.95978886, 0.94457477, 0.91824639, 0.84179139,\n",
       "         0.95308721, 0.95316434, 0.90372717, 0.97185707, 0.98220199],\n",
       "        [0.95842969, 0.98895824, 0.94238651, 0.93945771, 0.96581107,\n",
       "         0.99999988, 0.94302344, 0.96202594, 0.93846136, 0.81431305,\n",
       "         0.97708768, 0.93540186, 0.89961469, 0.9710502 , 0.9598375 ],\n",
       "        [0.93501842, 0.9395113 , 0.9497835 , 0.95757771, 0.95978886,\n",
       "         0.94302344, 0.99999988, 0.94122297, 0.91557205, 0.85521954,\n",
       "         0.93643534, 0.93597543, 0.89944971, 0.95319366, 0.97323996],\n",
       "        [0.97420794, 0.96031225, 0.96146935, 0.93694913, 0.94457477,\n",
       "         0.96202594, 0.94122297, 1.        , 0.91393292, 0.83479452,\n",
       "         0.96062624, 0.93885279, 0.90999579, 0.95367324, 0.94257617],\n",
       "        [0.91565925, 0.93996072, 0.91163516, 0.9037739 , 0.91824639,\n",
       "         0.93846136, 0.91557205, 0.91393292, 1.        , 0.83222926,\n",
       "         0.92363238, 0.89052671, 0.92144769, 0.90454769, 0.93682563],\n",
       "        [0.81879038, 0.81236631, 0.88658416, 0.85182345, 0.84179139,\n",
       "         0.81431305, 0.85521954, 0.83479452, 0.83222926, 0.99999988,\n",
       "         0.81889224, 0.84663749, 0.80585444, 0.83407247, 0.85836005],\n",
       "        [0.96314418, 0.97083801, 0.94911301, 0.94707024, 0.95308721,\n",
       "         0.97708768, 0.93643534, 0.96062624, 0.92363238, 0.81889224,\n",
       "         0.99999988, 0.94457251, 0.89183575, 0.96398735, 0.95372933],\n",
       "        [0.94538379, 0.92403775, 0.95658255, 0.95126069, 0.95316434,\n",
